Caso 1: 69
Caso 2: 1 4 11 13 14 15 16 18 19 20 22 25 26 27 28 31 35 36 38 39 40 41 42 43 45 47 48 49 50 51 53 54 55 57 58
Caso 3: 34 49
Caso 4: 4 5 11 16 18 20 22 27 31 32 36 37 38 42 44 46 51 52 53 55
Caso 5: 82
Caso 6: 9 63
Caso 7: 17
Caso 8: 1 18 31 33 39 43 55 56 57 64 72 73 74 75 76 79 80 81 82 83
Caso 9: 38 42 81
Caso 10: 33
Caso 11: 37 38 39 44 61
Caso 12: 1 2 8 11 14 16 17 19 20 21 22 23 26 27 28 29 30 31 32 34 37 39 41 42 43 45 46 48 49 51 52 53 54 55 57 58 59 60 62 63 64 65 66 67 68 69 70 71 72 74 75
Caso 13: 2 4 5 6 9 12 13 15 27 30 32 33 36 38 41 42 43 44 45 46 48 51 52 53 54 55 56 57
Caso 14: 3 5 11 32 33 36 38 50 51 53 59 65 69 73 76 77 84
Caso 15: 1 7 15 24 26 31 35 37 39 41 42 45 51 52 53 54 55 56 59 61 62 63 64 65 66 67 68 70 71 72 73 74 75 76 77 78 79 80 81 82 84 85 87 88 89 90 91 92 94
Caso 16: 4 37 64
Caso 17: 1 3 9 18 20 25 28 30 36 37 38 39 43 45 46 50 53 54 55 58 59 60 61 65 66 68 69 70 71 73 77 78 79 84 86 88 89 92
Caso 18: 14 16 48 52 55 62
Caso 19: 3 5 9 14 17 20 21 25 29 30 33 34 35 37 40 42 44 46 48 50
Caso 20: 9 12 27 36 37 53 64 67
Caso 21: 12 18 20 23 30 44 49
Caso 22: 8 14 15 16 27 31 40 43
Caso 23: 23 24 28 33 39 51 56 59
Caso 24: 2 5 6 8 9 10 11 12 13 15 16 19 22 26 29 31 32 34 37 38 39 40 41 42 44 45 48 49 50 51 53
Caso 25: 5 8 11 14 22 29 31 39 40 46 47 53
Caso 26: 23 50 76
Caso 27: 15 28
Caso 28: 1 6 8 9 14 15 18 20 21 22 23 25 26 27 29 31 32 33 34 35 37 40 49 50 54 56 58 61 64 67 69 71 73 74 76 79 81 83 84 86 88 89 92 95 97
Caso 29: 66
Caso 30: 13 19 61 82 83
